Case #1:
1000000000000001 3 2 5 2 7 2 3 2 7 
1000000000000011 13 11 3 4751 173 3 53 109 3 
1000000000000111 3 2 5 2 7 2 3 2 11 
1000000000000011 73 5 3 19 19 3 5 19 3 
1000000000000111 3 2 5 2 7 2 3 2 11 
1000000000000111 3 2 5 2 7 2 3 2 7 
1000000000000111 3 2 5 2 7 2 3 2 11 
1000000000001111 5 1567 15559 6197 5 5 1031 7 83 
1000000000011111 3 2 3 2 7 2 3 2 3 
1000000000000111 3 2 5 2 7 2 3 2 7 
1000000000001111 3 7 13 3 5 43 3 73 7 
1000000000011111 5 2 3 2 37 2 5 2 3 
1000000000000111 3 2 5 2 7 2 3 2 11 
1000000000001111 23 17 11 23 5 299699 43 239 59 
1000000000011111 3 2 3 2 7 2 3 2 3 
1000000000011111 17 2 3 2 73 2 17 2 3 
1000000000011111 3 2 3 2 7 2 3 2 3 
1000000000000111 3 2 5 2 7 2 3 2 11 
1000000000000111 3 2 5 2 7 2 3 2 7 
1000000000011111 3 2 3 2 7 2 3 2 3 
1000000000001111 3 7 13 3 5 17 3 53 7 
1000000000011111 5 2 3 2 37 2 5 2 3 
1000000000001111 11 5 281 101 5 67 5 13 19 
1000000000011111 3 2 3 2 7 2 3 2 3 
1000000000011111 17 2 3 2 1297 2 11 2 3 
1000000000111111 59 113 7 157 19 1399 7 43 107 
1000000000000111 3 2 5 2 7 2 3 2 11 
1000000000001111 23 19 11 105491 5 47 11117 1787 127 
1000000000011111 3 2 3 2 7 2 3 2 3 
1000000000011111 5 2 3 2 37 2 5 2 3 
1000000000011111 3 2 3 2 7 2 3 2 3 
1000000000011111 3 2 3 2 7 2 3 2 3 
1000000000011111 5 2 3 2 37 2 5 2 3 
1000000000011111 3 2 3 2 7 2 3 2 3 
1000000000111111 31 557 7 19 23 1129 7 5441 241 
1000000000111111 7 19 43 17 55987 23 7 7 31 
1000000001111111 3 2 5 2 7 2 3 2 7 
1000000000000111 167 2 11 2 58427 2 23 2 839 
1000000000000111 3 2 5 2 7 2 3 2 11 
1000000000000111 5 2 7 2 1933 2 29 2 157 
1000000000000111 3 2 5 2 7 2 3 2 7 
1000000000011111 3 2 3 2 7 2 3 2 3 
1000000000001111 7 1667 179 13 5 11 23 7 311 
1000000000011111 11 2 3 2 13 2 47 2 3 
1000000000011111 3 2 3 2 7 2 3 2 3 
1000000000001111 3 1259 421 3 5 8893 3 67 17 
1000000000011111 5 2 3 2 37 2 5 2 3 
1000000000001111 3 5 13 3 5 43 3 73 7 
1000000000011111 47 2 3 2 11 2 204311 2 3 
1000000000011111 3 2 3 2 7 2 3 2 3 